inherit_from: "configs/stereo/euroc/base_config.yaml"

Dataset:
  dataset_path: "datasets/euroc/mh02/"
  Calibration:
    cam0:
      raw:
        fx: 458.654
        fy: 457.296
        cx: 367.215
        cy: 248.375
        k1: -0.28340811
        k2: 0.07395907
        p1: 0.00019359
        p2: 1.76187114e-05
        k3: 0.0
      opt:
        fx: 435.2046959714599
        fy: 435.2046959714599
        cx: 367.4517211914062
        cy: 252.2008514404297
        k1: 0.0
        k2: 0.0
        p1: 0.0
        p2: 0.0
        k3: 0.0
      R:
        rows: 3
        cols: 3
        data: [0.999966347530033, -0.001422739138722922, 0.008079580483432283, 
        0.001365741834644127, 0.9999741760894847, 0.007055629199258132,
         -0.008089410156878961, -0.007044357138835809, 0.9999424675829176]
    cam1:
      raw:
        fx: 457.587
        fy: 456.134
        cx: 379.999
        cy: 255.238
        k1: -0.28368365
        k2: 0.07451284
        p1: -0.00010473
        p2: 0.00025262
        k3: 0.0
      opt:
        fx: 435.2046959714599
        fy: 435.2046959714599
        cx: 367.4517211914062
        cy: 252.2008514404297
        k1: 0.0
        k2: 0.0
        p1: 0.0
        p2: 0.0
        k3: 0.0
      R:
        rows: 3
        cols: 3
        data: [0.9999633527347896, -0.003625811871560086, 0.007755443660172947,
         0.003680398547259526, 0.9999684752771629, -0.007035845251224894, 
         -0.007729688520722713, 0.007064130529506649, 0.999945173484644]
    distorted: True
    width: 752
    height: 480
  start_idx: 800
